1.340232342481613159e-01 1.340232342481613159e-01 2.216123975813388824e-03 0.000000000000000000e+00 1.030931711196899414e+00 1.231072321534156799e-01
2.093826048076152802e-02 2.093826048076152802e-02 1.188986818306148052e-03 0.000000000000000000e+00 7.801369428634643555e-01 1.016037538647651672e-02
1.228541042655706406e-02 1.228541042655706406e-02 1.558982767164707184e-03 0.000000000000000000e+00 5.668292641639709473e-01 4.474228713661432266e-03
8.194540627300739288e-03 8.194540627300739288e-03 3.232891205698251724e-03 0.000000000000000000e+00 5.383536219596862793e-01 2.560634398832917213e-03
1.522233802825212479e-02 1.522233802825212479e-02 3.823283361271023750e-03 0.000000000000000000e+00 5.437510609626770020e-01 9.891563095152378082e-03
6.557811982929706573e-03 6.557811982929706573e-03 3.178358543664216995e-03 0.000000000000000000e+00 4.200327098369598389e-01 2.070426940917968750e-03
3.597897244617342949e-03 3.597897244617342949e-03 3.524087835103273392e-03 0.000000000000000000e+00 4.226048290729522705e-01 9.415975073352456093e-04
6.400807760655879974e-03 6.400807760655879974e-03 4.318227060139179230e-03 0.000000000000000000e+00 4.626615643501281738e-01 2.677507465705275536e-03
3.672553459182381630e-03 3.672553459182381630e-03 5.747768096625804901e-03 0.000000000000000000e+00 4.990350008010864258e-01 1.568019040860235691e-03
2.716640010476112366e-03 2.716640010476112366e-03 7.120318710803985596e-03 0.000000000000000000e+00 5.303105115890502930e-01 1.307480619288980961e-03
3.058159723877906799e-03 3.058159723877906799e-03 6.217217538505792618e-03 0.000000000000000000e+00 4.967450499534606934e-01 1.170606235973536968e-03
3.572368295863270760e-03 3.572368295863270760e-03 5.489184986799955368e-03 0.000000000000000000e+00 4.657627940177917480e-01 2.211602870374917984e-03
5.094651132822036743e-03 5.094651132822036743e-03 6.542772054672241211e-03 0.000000000000000000e+00 5.159471631050109863e-01 2.686217660084366798e-03
1.912127598188817501e-03 1.912127598188817501e-03 6.366550456732511520e-03 0.000000000000000000e+00 4.946930110454559326e-01 9.164180373772978783e-04
2.293869853019714355e-03 2.293869853019714355e-03 6.116587668657302856e-03 0.000000000000000000e+00 4.842228889465332031e-01 8.435179479420185089e-04
3.525762818753719330e-03 3.525762818753719330e-03 5.077610723674297333e-03 0.000000000000000000e+00 4.545584321022033691e-01 1.735928934067487717e-03
5.486750043928623199e-03 5.486750043928623199e-03 4.829713143408298492e-03 0.000000000000000000e+00 4.451934397220611572e-01 3.593036672100424767e-03
1.777611556462943554e-03 1.777611556462943554e-03 4.603456240147352219e-03 0.000000000000000000e+00 4.210044443607330322e-01 7.492037839256227016e-04
9.006476029753684998e-04 9.006476029753684998e-04 4.609297960996627808e-03 0.000000000000000000e+00 4.175654053688049316e-01 3.006714396178722382e-04
2.296531805768609047e-03 2.296531805768609047e-03 4.462964367121458054e-03 0.000000000000000000e+00 4.244724810123443604e-01 6.967681692913174629e-04
3.532945644110441208e-03 3.532945644110441208e-03 4.204572644084692001e-03 0.000000000000000000e+00 4.095454216003417969e-01 2.552024088799953461e-03
7.226259913295507431e-03 7.226259913295507431e-03 4.192866384983062744e-03 0.000000000000000000e+00 4.650747478008270264e-01 4.278894979506731033e-03
1.141135580837726593e-03 1.141135580837726593e-03 5.732072517275810242e-03 0.000000000000000000e+00 4.694879949092864990e-01 3.857360570691525936e-04
1.419350970536470413e-03 1.419350970536470413e-03 6.021582521498203278e-03 0.000000000000000000e+00 4.875860810279846191e-01 3.900963638443499804e-04
2.498682355508208275e-03 2.498682355508208275e-03 5.830737296491861343e-03 0.000000000000000000e+00 4.719328582286834717e-01 1.308310660533607006e-03
2.016530139371752739e-03 2.016530139371752739e-03 5.656847730278968811e-03 0.000000000000000000e+00 4.724841415882110596e-01 7.417029119096696377e-04
3.625714918598532677e-03 3.625714918598532677e-03 5.878845229744911194e-03 0.000000000000000000e+00 4.799841046333312988e-01 2.108025364577770233e-03
2.386336913332343102e-03 2.386336913332343102e-03 5.882232915610074997e-03 0.000000000000000000e+00 4.658659100532531738e-01 2.051868941634893417e-03
4.136217292398214340e-03 4.136217292398214340e-03 5.514914635568857193e-03 0.000000000000000000e+00 4.863563477993011475e-01 1.815096591599285603e-03
1.540546421892940998e-03 1.540546421892940998e-03 6.140186917036771774e-03 0.000000000000000000e+00 4.860587120056152344e-01 6.863353773951530457e-04
2.362291328608989716e-03 2.362291328608989716e-03 7.113852538168430328e-03 0.000000000000000000e+00 5.296492576599121094e-01 8.280435577034950256e-04
7.174322381615638733e-03 7.174322381615638733e-03 4.241306334733963013e-03 0.000000000000000000e+00 4.273029267787933350e-01 5.555760115385055542e-03
9.307502186857163906e-04 9.307502186857163906e-04 3.945125266909599304e-03 0.000000000000000000e+00 3.867744207382202148e-01 3.178041952196508646e-04
5.302958888933062553e-04 5.302958888933062553e-04 4.606991540640592575e-03 0.000000000000000000e+00 4.133349061012268066e-01 1.641077979002147913e-04
9.603206999599933624e-04 9.603206999599933624e-04 5.639752373099327087e-03 0.000000000000000000e+00 4.564822912216186523e-01 2.936670498456805944e-04
8.170961518771946430e-04 8.170961518771946430e-04 5.892761517316102982e-03 0.000000000000000000e+00 4.661421179771423340e-01 3.989959659520536661e-04
8.141412399709224701e-04 8.141412399709224701e-04 6.107327528297901154e-03 0.000000000000000000e+00 4.737492799758911133e-01 3.509959497023373842e-04
2.724269172176718712e-03 2.724269172176718712e-03 6.475583184510469437e-03 0.000000000000000000e+00 4.923863410949707031e-01 1.954494044184684753e-03
1.714145182631909847e-03 1.714145182631909847e-03 6.581979803740978241e-03 0.000000000000000000e+00 4.957070946693420410e-01 8.736758027225732803e-04
1.567144761793315411e-03 1.567144761793315411e-03 6.202274002134799957e-03 0.000000000000000000e+00 4.834034442901611328e-01 6.950813112780451775e-04
6.158152245916426182e-04 6.158152245916426182e-04 6.090546492487192154e-03 0.000000000000000000e+00 4.739232659339904785e-01 2.215586282545700669e-04
5.264260689727962017e-04 5.264260689727962017e-04 6.042956374585628510e-03 0.000000000000000000e+00 4.698719084262847900e-01 2.568703494034707546e-04
4.993531620129942894e-04 4.993531620129942894e-04 6.323701236397027969e-03 0.000000000000000000e+00 4.796344339847564697e-01 2.352662413613870740e-04
1.009341562166810036e-03 1.009341562166810036e-03 6.244187243282794952e-03 0.000000000000000000e+00 4.767867922782897949e-01 7.404725183732807636e-04
1.120132859796285629e-03 1.120132859796285629e-03 5.979754962027072906e-03 0.000000000000000000e+00 4.692334830760955811e-01 4.013087600469589233e-04
1.054393709637224674e-03 1.054393709637224674e-03 6.328041199594736099e-03 0.000000000000000000e+00 4.821834564208984375e-01 5.672854022122919559e-04
3.111054655164480209e-03 3.111054655164480209e-03 5.579834338277578354e-03 0.000000000000000000e+00 4.698300957679748535e-01 1.641647308133542538e-03
5.245561245828866959e-03 5.245561245828866959e-03 5.044660065323114395e-03 0.000000000000000000e+00 4.770350158214569092e-01 2.969010267406702042e-03
2.631090115755796432e-03 2.631090115755796432e-03 7.014172151684761047e-03 0.000000000000000000e+00 5.284783840179443359e-01 1.444041728973388672e-03
1.212444389238953590e-03 1.212444389238953590e-03 8.675376884639263153e-03 0.000000000000000000e+00 5.635390281677246094e-01 6.399138364940881729e-04
1.381206442601978779e-03 1.381206442601978779e-03 8.946621790528297424e-03 0.000000000000000000e+00 5.768440961837768555e-01 5.217904108576476574e-04
7.838517776690423489e-04 7.838517776690423489e-04 9.601556695997714996e-03 0.000000000000000000e+00 5.925852656364440918e-01 2.883627021219581366e-04
9.479901054874062538e-04 9.479901054874062538e-04 9.067002683877944946e-03 0.000000000000000000e+00 5.776630043983459473e-01 4.075065080542117357e-04
1.325971214100718498e-03 1.325971214100718498e-03 9.393933229148387909e-03 0.000000000000000000e+00 5.845863223075866699e-01 9.284112020395696163e-04
1.057286281138658524e-03 1.057286281138658524e-03 9.226957336068153381e-03 0.000000000000000000e+00 5.799134373664855957e-01 6.553885177709162235e-04
8.047388982959091663e-04 8.047388982959091663e-04 9.460524655878543854e-03 0.000000000000000000e+00 5.876004695892333984e-01 3.650017606560140848e-04
3.120475448668003082e-04 3.120475448668003082e-04 9.590926580131053925e-03 0.000000000000000000e+00 5.895265340805053711e-01 1.723558525554835796e-04
1.896640635095536709e-03 1.896640635095536709e-03 1.012988388538360596e-02 0.000000000000000000e+00 6.159166693687438965e-01 7.155681960284709930e-04
3.743359353393316269e-03 3.743359353393316269e-03 8.060209453105926514e-03 0.000000000000000000e+00 5.657952427864074707e-01 2.269430784508585930e-03
1.609754981473088264e-03 1.609754981473088264e-03 7.779062725603580475e-03 0.000000000000000000e+00 5.365893840789794922e-01 6.829455378465354443e-04
1.763096544891595840e-03 1.763096544891595840e-03 8.173681795597076416e-03 0.000000000000000000e+00 5.560510158538818359e-01 8.168371859937906265e-04
6.747235893271863461e-04 6.747235893271863461e-04 8.312623947858810425e-03 0.000000000000000000e+00 5.513681769371032715e-01 2.755196765065193176e-04
4.258677654433995485e-04 4.258677654433995485e-04 8.350818417966365814e-03 0.000000000000000000e+00 5.506557822227478027e-01 2.010624302783980966e-04
1.587396371178328991e-03 1.587396371178328991e-03 9.311472997069358826e-03 0.000000000000000000e+00 5.871002078056335449e-01 5.449674208648502827e-04
1.252980087883770466e-03 1.252980087883770466e-03 9.580058977007865906e-03 0.000000000000000000e+00 5.918782353401184082e-01 9.278467623516917229e-04
7.442817441187798977e-04 7.442817441187798977e-04 9.054360911250114441e-03 0.000000000000000000e+00 5.729451179504394531e-01 4.370205278974026442e-04
1.736034522764384747e-03 1.736034522764384747e-03 1.016608346253633499e-02 0.000000000000000000e+00 6.125516295433044434e-01 8.542101713828742504e-04
7.873799186199903488e-04 7.873799186199903488e-04 9.224601089954376221e-03 0.000000000000000000e+00 5.798211097717285156e-01 4.441575147211551666e-04
5.333266453817486763e-04 5.333266453817486763e-04 9.596750140190124512e-03 0.000000000000000000e+00 5.898627042770385742e-01 2.737114846240729094e-04
1.381809706799685955e-03 1.381809706799685955e-03 9.113051928579807281e-03 0.000000000000000000e+00 5.840871930122375488e-01 5.750468117184937000e-04
7.388031808659434319e-04 7.388031808659434319e-04 8.274543099105358124e-03 0.000000000000000000e+00 5.479915142059326172e-01 4.461442877072840929e-04
1.937628374435007572e-03 1.937628374435007572e-03 7.256792392581701279e-03 0.000000000000000000e+00 5.173316001892089844e-01 1.146711059845983982e-03
2.852013567462563515e-04 2.852013567462563515e-04 7.381745148450136185e-03 0.000000000000000000e+00 5.168211460113525391e-01 1.579059753566980362e-04
5.142778973095118999e-04 5.142778973095118999e-04 7.108916994184255600e-03 0.000000000000000000e+00 5.075322389602661133e-01 2.346908731851726770e-04
1.191375195048749447e-03 1.191375195048749447e-03 6.182399578392505646e-03 0.000000000000000000e+00 4.763598740100860596e-01 6.588890100829303265e-04
3.688040596898645163e-04 3.688040596898645163e-04 5.844519939273595810e-03 0.000000000000000000e+00 4.598856270313262939e-01 1.694166858214884996e-04
1.016457565128803253e-03 1.016457565128803253e-03 6.402766332030296326e-03 0.000000000000000000e+00 4.874672293663024902e-01 5.515732918865978718e-04
1.637013047002255917e-03 1.637013047002255917e-03 7.517805323004722595e-03 0.000000000000000000e+00 5.216269493103027344e-01 1.126411487348377705e-03
1.165580353699624538e-03 1.165580353699624538e-03 6.984437815845012665e-03 0.000000000000000000e+00 5.092187523841857910e-01 6.615592283196747303e-04
1.041647279635071754e-03 1.041647279635071754e-03 6.818904075771570206e-03 0.000000000000000000e+00 5.009024739265441895e-01 4.740328877232968807e-04
6.724727805703878403e-03 6.724727805703878403e-03 6.811321247369050980e-03 0.000000000000000000e+00 5.119091868400573730e-01 5.157220177352428436e-03
3.337110159918665886e-03 3.337110159918665886e-03 4.879632499068975449e-03 0.000000000000000000e+00 4.284942448139190674e-01 2.587178954854607582e-03
6.773733184672892094e-04 6.773733184672892094e-04 5.614244844764471054e-03 0.000000000000000000e+00 4.552258551120758057e-01 2.705097140278667212e-04
1.195386634208261967e-03 1.195386634208261967e-03 6.921614985913038254e-03 0.000000000000000000e+00 5.081411600112915039e-01 5.454412312246859074e-04
1.681265566730871797e-04 1.681265566730871797e-04 6.851457525044679642e-03 0.000000000000000000e+00 4.981393814086914062e-01 6.738019146723672748e-05
2.807023702189326286e-04 2.807023702189326286e-04 6.707142572849988937e-03 0.000000000000000000e+00 4.927332997322082520e-01 1.040885617840103805e-04
8.528506150469183922e-04 8.528506150469183922e-04 5.918716080486774445e-03 0.000000000000000000e+00 4.680929481983184814e-01 3.164224617648869753e-04
9.061203454621136189e-04 9.061203454621136189e-04 5.526921246200799942e-03 0.000000000000000000e+00 4.535101056098937988e-01 3.476897254586219788e-04
4.109851724933832884e-04 4.109851724933832884e-04 6.531367078423500061e-03 0.000000000000000000e+00 4.869295954704284668e-01 1.721581938909366727e-04
5.812774761579930782e-04 5.812774761579930782e-04 7.041155360639095306e-03 0.000000000000000000e+00 5.051862001419067383e-01 2.746136160567402840e-04
1.048467238433659077e-03 1.048467238433659077e-03 7.247529923915863037e-03 0.000000000000000000e+00 5.221995115280151367e-01 3.746287839021533728e-04
5.623331526294350624e-04 5.623331526294350624e-04 6.365006323903799057e-03 0.000000000000000000e+00 4.844821989536285400e-01 2.221158938482403755e-04
8.908426971174776554e-04 8.908426971174776554e-04 6.476892158389091492e-03 0.000000000000000000e+00 4.852737784385681152e-01 5.381763330660760403e-04
1.155001576989889145e-03 1.155001576989889145e-03 6.643534637987613678e-03 0.000000000000000000e+00 4.951283037662506104e-01 6.447909399867057800e-04
1.192361232824623585e-03 1.192361232824623585e-03 7.042832672595977783e-03 0.000000000000000000e+00 5.139408111572265625e-01 4.571651807054877281e-04
8.920066757127642632e-04 8.920066757127642632e-04 7.141318172216415405e-03 0.000000000000000000e+00 5.135185122489929199e-01 3.791163617279380560e-04
4.487972182687371969e-04 4.487972182687371969e-04 7.577719166874885559e-03 0.000000000000000000e+00 5.244432091712951660e-01 2.161311858799308538e-04
1.239459379576146603e-04 1.239459379576146603e-04 7.758668158203363419e-03 0.000000000000000000e+00 5.290862321853637695e-01 5.717532985727302730e-05
9.502592729404568672e-05 9.502592729404568672e-05 7.437957450747489929e-03 0.000000000000000000e+00 5.172125697135925293e-01 3.827604450634680688e-05
4.386937944218516350e-04 4.386937944218516350e-04 7.240657694637775421e-03 0.000000000000000000e+00 5.113493800163269043e-01 1.559874654049053788e-04
4.343566542956978083e-04 4.343566542956978083e-04 7.145158015191555023e-03 0.000000000000000000e+00 5.090919137001037598e-01 2.244432253064587712e-04
5.973279257887043059e-05 5.973279257887043059e-05 7.124214433133602142e-03 0.000000000000000000e+00 5.061449408531188965e-01 1.729148789308965206e-05
1.047636978910304606e-04 1.047636978910304606e-04 7.109433878213167191e-03 0.000000000000000000e+00 5.055601596832275391e-01 3.200254650437273085e-05
5.894464266020804644e-05 5.894464266020804644e-05 7.137547712773084641e-03 0.000000000000000000e+00 5.064035058021545410e-01 2.023233719228301197e-05
2.096958924084901810e-04 2.096958924084901810e-04 7.160364650189876556e-03 0.000000000000000000e+00 5.081998109817504883e-01 5.565863466472364962e-05
3.079990856349468231e-04 3.079990856349468231e-04 7.463333196938037872e-03 0.000000000000000000e+00 5.185584425926208496e-01 9.863396553555503488e-05
1.907821715576574206e-04 1.907821715576574206e-04 7.817030884325504303e-03 0.000000000000000000e+00 5.303026437759399414e-01 8.594174141762778163e-05
5.392746534198522568e-04 5.392746534198522568e-04 8.366902358829975128e-03 0.000000000000000000e+00 5.503732562065124512e-01 1.607709418749436736e-04
7.749145152047276497e-04 7.749145152047276497e-04 9.313045069575309753e-03 0.000000000000000000e+00 5.804842710494995117e-01 2.771120925899595022e-04
2.832934260368347168e-04 2.832934260368347168e-04 9.102429263293743134e-03 0.000000000000000000e+00 5.725356340408325195e-01 1.223309081979095936e-04
5.584075552178546786e-05 5.584075552178546786e-05 8.814658969640731812e-03 0.000000000000000000e+00 5.631273984909057617e-01 2.208349724241998047e-05
2.777241170406341553e-04 2.777241170406341553e-04 9.108190424740314484e-03 0.000000000000000000e+00 5.726477503776550293e-01 1.036319299601018429e-04
8.829790021991357207e-05 8.829790021991357207e-05 9.449480101466178894e-03 0.000000000000000000e+00 5.830652117729187012e-01 2.820063855324406177e-05
9.914992551784962416e-05 9.914992551784962416e-05 9.416362270712852478e-03 0.000000000000000000e+00 5.819992423057556152e-01 4.738893403555266559e-05
2.869143499992787838e-04 2.869143499992787838e-04 9.603589773178100586e-03 0.000000000000000000e+00 5.876295566558837891e-01 2.538523403927683830e-04
8.546128083253279328e-05 8.546128083253279328e-05 9.665504097938537598e-03 0.000000000000000000e+00 5.894934535026550293e-01 4.709197673946619034e-05
3.257817661506123841e-05 3.257817661506123841e-05 9.698227979242801666e-03 0.000000000000000000e+00 5.903192162513732910e-01 1.196403991343686357e-05
2.912158015533350408e-05 2.912158015533350408e-05 9.819485247135162354e-03 0.000000000000000000e+00 5.940455794334411621e-01 1.318624617852037773e-05
1.945686177350580692e-03 1.945686177350580692e-03 9.907374158501625061e-03 0.000000000000000000e+00 6.084085702896118164e-01 8.268860401585698128e-04
2.762489893939346075e-04 2.762489893939346075e-04 9.575459174811840057e-03 0.000000000000000000e+00 5.890694856643676758e-01 1.049039638019166887e-04
9.816066449275240302e-05 9.816066449275240302e-05 9.861688129603862762e-03 0.000000000000000000e+00 5.959945321083068848e-01 3.906822166754864156e-05
8.735897426959127188e-05 8.735897426959127188e-05 9.772189892828464508e-03 0.000000000000000000e+00 5.932081341743469238e-01 3.465637564659118652e-05
8.312931749969720840e-04 8.312931749969720840e-04 9.839825332164764404e-03 0.000000000000000000e+00 5.981079936027526855e-01 4.050655988976359367e-04
3.129477845504879951e-04 3.129477845504879951e-04 9.215901605784893036e-03 0.000000000000000000e+00 5.769039988517761230e-01 1.189106114907190204e-04
9.399837290402501822e-05 9.399837290402501822e-05 9.191650897264480591e-03 0.000000000000000000e+00 5.750188827514648438e-01 3.845919491141103208e-05
1.570821914356201887e-04 1.570821914356201887e-04 9.346177801489830017e-03 0.000000000000000000e+00 5.800469517707824707e-01 6.420428690034896135e-05
2.380216901656240225e-04 2.380216901656240225e-04 9.650960564613342285e-03 0.000000000000000000e+00 5.895928740501403809e-01 9.708420839160680771e-05
1.065661897882819176e-03 1.065661897882819176e-03 1.039245259016752243e-02 0.000000000000000000e+00 6.172672510147094727e-01 4.130265442654490471e-04
1.922511437442153692e-04 1.922511437442153692e-04 9.789725765585899353e-03 0.000000000000000000e+00 5.938926935195922852e-01 8.587814954807981849e-05
1.521334779681637883e-04 1.521334779681637883e-04 1.021581608802080154e-02 0.000000000000000000e+00 6.064595580101013184e-01 6.812654464738443494e-05
1.086701086023822427e-04 1.086701086023822427e-04 1.028299331665039062e-02 0.000000000000000000e+00 6.081746816635131836e-01 4.422823258209973574e-05
1.982959511224180460e-04 1.982959511224180460e-04 1.046098396182060242e-02 0.000000000000000000e+00 6.134451031684875488e-01 9.437250992050394416e-05
8.106983150355517864e-04 8.106983150355517864e-04 1.079981029033660889e-02 0.000000000000000000e+00 6.284881830215454102e-01 2.656590659171342850e-04
5.446872673928737640e-04 5.446872673928737640e-04 1.066037546843290329e-02 0.000000000000000000e+00 6.216176152229309082e-01 3.383375878911465406e-04
5.086715464130975306e-05 5.086715464130975306e-05 1.011523511260747910e-02 0.000000000000000000e+00 6.032827496528625488e-01 2.652859257068485022e-05
1.943332754308357835e-04 1.943332754308357835e-04 1.044281199574470520e-02 0.000000000000000000e+00 6.131141185760498047e-01 6.214924360392615199e-05
4.787315556313842535e-04 4.787315556313842535e-04 1.124453078955411911e-02 0.000000000000000000e+00 6.362661123275756836e-01 1.710649230517446995e-04
9.626394603401422501e-04 9.626394603401422501e-04 1.033191382884979248e-02 0.000000000000000000e+00 6.153103709220886230e-01 4.770171653944998980e-04
7.467145769624039531e-05 7.467145769624039531e-05 1.008808519691228867e-02 0.000000000000000000e+00 6.022702455520629883e-01 3.109058525296859443e-05
5.898538802284747362e-05 5.898538802284747362e-05 1.013891864567995071e-02 0.000000000000000000e+00 6.035947799682617188e-01 2.104017949022818357e-05
2.305492089362815022e-04 2.305492089362815022e-04 1.017323229461908340e-02 0.000000000000000000e+00 6.048268079757690430e-01 1.029558043228462338e-04
4.761453019455075264e-04 4.761453019455075264e-04 1.015777047723531723e-02 0.000000000000000000e+00 6.048453450202941895e-01 2.382115344516932964e-04
1.718921266729012132e-04 1.718921266729012132e-04 1.024350896477699280e-02 0.000000000000000000e+00 6.072998642921447754e-01 9.698109352029860020e-05
1.038017071550711989e-04 1.038017071550711989e-04 1.027765497565269470e-02 0.000000000000000000e+00 6.077839732170104980e-01 6.268230936257168651e-05
8.362153312191367149e-05 8.362153312191367149e-05 1.040875539183616638e-02 0.000000000000000000e+00 6.116521954536437988e-01 5.190884621697477996e-05
3.908753933501429856e-05 3.908753933501429856e-05 1.035827212035655975e-02 0.000000000000000000e+00 6.100233197212219238e-01 2.661254802660550922e-05
2.027481532422825694e-04 2.027481532422825694e-04 1.038481295108795166e-02 0.000000000000000000e+00 6.117234826087951660e-01 8.079948747763410211e-05
5.000342498533427715e-04 5.000342498533427715e-04 1.036492176353931427e-02 0.000000000000000000e+00 6.108958721160888672e-01 2.469721366651356220e-04
8.826986595522612333e-05 8.826986595522612333e-05 1.002762280404567719e-02 0.000000000000000000e+00 6.002828478813171387e-01 3.870693763019517064e-05
1.715282560326159000e-04 1.715282560326159000e-04 9.567392989993095398e-03 0.000000000000000000e+00 5.864446759223937988e-01 1.047885525622405112e-04
1.443436631234362721e-04 1.443436631234362721e-04 9.877455420792102814e-03 0.000000000000000000e+00 5.955669283866882324e-01 9.681167284725233912e-05
3.808238252531737089e-04 3.808238252531737089e-04 9.724052622914314270e-03 0.000000000000000000e+00 5.912067890167236328e-01 2.106495376210659742e-04
1.103632035665214062e-03 1.103632035665214062e-03 9.736576117575168610e-03 0.000000000000000000e+00 5.939568877220153809e-01 5.380326183512806892e-04
1.572811888763681054e-04 1.572811888763681054e-04 9.053207002580165863e-03 0.000000000000000000e+00 5.710214376449584961e-01 8.836045162752270699e-05
8.341766078956425190e-05 8.341766078956425190e-05 9.267074987292289734e-03 0.000000000000000000e+00 5.771762132644653320e-01 3.154839214403182268e-05
3.074216510867699981e-05 3.074216510867699981e-05 9.508475661277770996e-03 0.000000000000000000e+00 5.840923786163330078e-01 1.435541980754351243e-05
6.706979911541566253e-05 6.706979911541566253e-05 9.553313255310058594e-03 0.000000000000000000e+00 5.855115056037902832e-01 5.021166725782677531e-05
3.791651761275716126e-05 3.791651761275716126e-05 9.824516251683235168e-03 0.000000000000000000e+00 5.938330292701721191e-01 2.018213308474514633e-05
1.054586027748882771e-04 1.054586027748882771e-04 9.832749143242835999e-03 0.000000000000000000e+00 5.944696664810180664e-01 4.378684025141410530e-05
4.723619713331572711e-05 4.723619713331572711e-05 9.274078533053398132e-03 0.000000000000000000e+00 5.768509507179260254e-01 2.413218498986680061e-05
2.695957373362034559e-04 2.695957373362034559e-04 9.231273084878921509e-03 0.000000000000000000e+00 5.763759016990661621e-01 1.564166886964812875e-04
2.720825432334095240e-04 2.720825432334095240e-04 9.293051436543464661e-03 0.000000000000000000e+00 5.780550241470336914e-01 1.659525296417996287e-04
5.463892593979835510e-04 5.463892593979835510e-04 8.958405815064907074e-03 0.000000000000000000e+00 5.680848360061645508e-01 2.858910302165895700e-04
4.357587895356118679e-04 4.357587895356118679e-04 8.926730602979660034e-03 0.000000000000000000e+00 5.670033693313598633e-01 2.219550660811364651e-04
4.212472122162580490e-04 4.212472122162580490e-04 9.727844037115573883e-03 0.000000000000000000e+00 5.925956964492797852e-01 1.496919867349788547e-04
2.455822832416743040e-04 2.455822832416743040e-04 9.553656913340091705e-03 0.000000000000000000e+00 5.857670307159423828e-01 1.815744471969082952e-04
4.469254781724885106e-05 4.469254781724885106e-05 8.857309818267822266e-03 0.000000000000000000e+00 5.634726285934448242e-01 3.229421417927369475e-05
2.105690691678319126e-05 2.105690691678319126e-05 8.916631340980529785e-03 0.000000000000000000e+00 5.652800798416137695e-01 8.672221156302839518e-06
2.328853879589587450e-04 2.328853879589587450e-04 9.044403210282325745e-03 0.000000000000000000e+00 5.700296163558959961e-01 8.512660861015319824e-05
5.087782046757638454e-04 5.087782046757638454e-04 9.444921277463436127e-03 0.000000000000000000e+00 5.860482454299926758e-01 1.574800116941332817e-04
2.860906824935227633e-04 2.860906824935227633e-04 9.296016767621040344e-03 0.000000000000000000e+00 5.783534049987792969e-01 1.557762298034504056e-04
1.466124958824366331e-04 1.466124958824366331e-04 9.038053452968597412e-03 0.000000000000000000e+00 5.693491697311401367e-01 1.195392396766692400e-04
1.787557848729193211e-04 1.787557848729193211e-04 9.105227887630462646e-03 0.000000000000000000e+00 5.714990496635437012e-01 5.052617052569985390e-05
8.856247877702116966e-04 8.856247877702116966e-04 8.996885269880294800e-03 0.000000000000000000e+00 5.724960565567016602e-01 3.891072992701083422e-04
1.083369061234407127e-04 1.083369061234407127e-04 8.616761304438114166e-03 0.000000000000000000e+00 5.563600063323974609e-01 5.806954868603497744e-05
1.049017373588867486e-04 1.049017373588867486e-04 8.674451150000095367e-03 0.000000000000000000e+00 5.578993558883666992e-01 4.464041558094322681e-05
5.055000656284391880e-04 5.055000656284391880e-04 8.482633158564567566e-03 0.000000000000000000e+00 5.536925792694091797e-01 1.812953996704891324e-04
3.327771264594048262e-04 3.327771264594048262e-04 7.663293275982141495e-03 0.000000000000000000e+00 5.252174735069274902e-01 1.502270315540954471e-04
5.692325430572964251e-05 5.692325430572964251e-05 7.429071702063083649e-03 0.000000000000000000e+00 5.155122876167297363e-01 2.526058051444124430e-05
6.480151205323636532e-05 6.480151205323636532e-05 7.491254713386297226e-03 0.000000000000000000e+00 5.178100466728210449e-01 2.332541589566972107e-05
3.249303845223039389e-04 3.249303845223039389e-04 7.204291876405477524e-03 0.000000000000000000e+00 5.080326199531555176e-01 1.218113975482992828e-04
4.631441697711125016e-05 4.631441697711125016e-05 6.732705980539321899e-03 0.000000000000000000e+00 4.900315105915069580e-01 3.693744656629860401e-05
7.972682360559701920e-04 7.972682360559701920e-04 6.860132794827222824e-03 0.000000000000000000e+00 4.995922446250915527e-01 3.923124459106475115e-04
7.431168924085795879e-04 7.431168924085795879e-04 6.668381858617067337e-03 0.000000000000000000e+00 4.897498786449432373e-01 5.837182980030775070e-04
1.825645449571311474e-04 1.825645449571311474e-04 6.716436240822076797e-03 0.000000000000000000e+00 4.905849397182464600e-01 6.254120671655982733e-05
3.111166370217688382e-05 3.111166370217688382e-05 6.616046652197837830e-03 0.000000000000000000e+00 4.857866764068603516e-01 1.222083847096655518e-05
1.724164394545368850e-05 1.724164394545368850e-05 6.547040771692991257e-03 0.000000000000000000e+00 4.829258620738983154e-01 7.046933660603826866e-06
1.570713902765419334e-05 1.570713902765419334e-05 6.465258076786994934e-03 0.000000000000000000e+00 4.797257781028747559e-01 6.578394732059678063e-06
1.459005306969629601e-05 1.459005306969629601e-05 6.500062067061662674e-03 0.000000000000000000e+00 4.810255169868469238e-01 6.475450845755403861e-06
1.090089645003899932e-04 1.090089645003899932e-04 6.392302457243204117e-03 0.000000000000000000e+00 4.777826368808746338e-01 2.587582457636017352e-05
7.045591482892632484e-04 7.045591482892632484e-04 6.531207356601953506e-03 0.000000000000000000e+00 4.912687838077545166e-01 2.383840037509799004e-04
1.158469385700300336e-04 1.158469385700300336e-04 6.587317213416099548e-03 0.000000000000000000e+00 4.857781231403350830e-01 5.409876393969170749e-05
2.792904851958155632e-04 2.792904851958155632e-04 6.871311925351619720e-03 0.000000000000000000e+00 4.967572689056396484e-01 9.168700489681214094e-05
7.959671202115714550e-04 7.959671202115714550e-04 6.462547928094863892e-03 0.000000000000000000e+00 4.870073497295379639e-01 3.080010355915874243e-04
1.015315574477426708e-04 1.015315574477426708e-04 6.259255111217498779e-03 0.000000000000000000e+00 4.724420309066772461e-01 7.467791874660179019e-05
1.814476127037778497e-05 1.814476127037778497e-05 6.379613652825355530e-03 0.000000000000000000e+00 4.766284227371215820e-01 7.779442967148497701e-06
3.301731194369494915e-04 3.301731194369494915e-04 6.021716631948947906e-03 0.000000000000000000e+00 4.656121134757995605e-01 1.296972186537459493e-04
5.319555202731862664e-05 5.319555202731862664e-05 6.167382467538118362e-03 0.000000000000000000e+00 4.685768485069274902e-01 2.314565426786430180e-05
1.540204539196565747e-05 1.540204539196565747e-05 6.252432707697153091e-03 0.000000000000000000e+00 4.715694487094879150e-01 6.043175289960345253e-06
9.567019151290878654e-05 9.567019151290878654e-05 6.255401298403739929e-03 0.000000000000000000e+00 4.718441367149353027e-01 3.075815402553416789e-05
